pop	chromosome	window_pos_1	window_pos_2	avg_pi	no_sites	count_diffs	count_comparisons	count_missing
LON	LG4	1	1000	0.0019674355495251	616	29	14740	3544
PAR	LG4	1	1000	0.0008201763379126	625	12	14631	3653
PUN-Y	LG4	1	1000	0.0042210790133227	617	64	15162	14223
AUR	LG4	1	1000	0.0	590	0	5080	13204
CLV	LG4	1	1000	0.0030840400925212	315	8	2594	7201
ARI	LG4	1	1000	0.0	429	0	4241	14043
GRA	LG4	1	1000	0.0012565971349585	620	15	11937	6347
CAL	LG4	1	1000	0.001010028136498	622	14	13861	4423
PUN-R	LG4	1	1000	0.0031118928426464	620	69	22173	7212
PAR	LG4	1001	2000	0.0179958643044766	755	322	17893	3387
AUR	LG4	1001	2000	0.0110834990059642	757	223	20120	1160
ARI	LG4	1001	2000	0.0029317697228144	695	44	15008	6272
CAL	LG4	1001	2000	0.0180093171230542	756	317	17602	3678
CLV	LG4	1001	2000	0.0299463031805039	730	290	9684	1716
PUN-R	LG4	1001	2000	0.0142974979378608	757	416	29096	5104
GRA	LG4	1001	2000	0.0177319803326707	750	339	19118	2162
PUN-Y	LG4	1001	2000	0.0198684096615011	756	459	23102	11098
LON	LG4	1001	2000	0.0152116402116402	757	276	18144	3136
CLV	LG4	2001	3000	0.0385474203784228	658	328	8509	1796
AUR	LG4	2001	3000	0.0275294727296281	664	425	15438	3798
GRA	LG4	2001	3000	0.0392812606280467	684	693	17642	1594
CAL	LG4	2001	3000	0.0311487958546782	683	529	16983	2253
ARI	LG4	2001	3000	0.0060449050086355	665	84	13896	5340
PUN-R	LG4	2001	3000	0.0210815438396233	687	591	28034	2881
PAR	LG4	2001	3000	0.0219553614750121	639	362	16488	2748
LON	LG4	2001	3000	0.0337162981352115	687	584	17321	1915
PUN-Y	LG4	2001	3000	0.0253405700729664	674	705	27821	3094
LON	LG4	3001	4000	0.002381183788512	819	49	20578	2354
PUN-Y	LG4	3001	4000	0.0041495825717531	818	84	20243	16612
PAR	LG4	3001	4000	0.0046296296296296	801	74	15984	6948
PUN-R	LG4	3001	4000	0.0002924166612515	819	9	30778	6077
ARI	LG4	3001	4000	0.0049532195927352	723	27	5451	17481
AUR	LG4	3001	4000	0.0033854663360671	819	71	20972	1960
CLV	LG4	3001	4000	0.0042462845010615	793	34	8007	4278
CAL	LG4	3001	4000	0.0019035215148023	812	38	19963	2969
GRA	LG4	3001	4000	0.003610108303249	819	77	21329	1603
LON	LG4	4001	5000	0.0029138337727209	852	63	21621	3327
PUN-R	LG4	4001	5000	0.001544952165904	884	52	33658	6437
PUN-Y	LG4	4001	5000	0.0047938249035141	885	118	24615	15480
PAR	LG4	4001	5000	0.0016164354990092	869	31	19178	5770
GRA	LG4	4001	5000	0.0011641945498447	889	27	23192	1756
CLV	LG4	4001	5000	0.0137322216772927	884	168	12234	1131
ARI	LG4	4001	5000	0.0086383852206637	867	101	11692	13256
AUR	LG4	4001	5000	0.0022169939372002	885	49	22102	2846
CAL	LG4	4001	5000	0.0035311997139281	871	79	22372	2576
LON	LG4	5001	6000	0.0059762621196924	889	143	23928	1020
PUN-Y	LG4	5001	6000	0.0053678560151563	889	136	25336	14759
PAR	LG4	5001	6000	0.0026749888542131	889	60	22430	2518
PUN-R	LG4	5001	6000	0.0050060557125555	889	186	37155	2940
ARI	LG4	5001	6000	0.0009720534629404	882	4	4115	20833
CLV	LG4	5001	6000	0.0170954356846473	889	206	12050	1315
CAL	LG4	5001	6000	0.0038644959710573	889	94	24324	624
GRA	LG4	5001	6000	0.0282763816868324	857	638	22563	2385
AUR	LG4	5001	6000	0.0036331746429466	889	87	23946	1002
PUN-Y	LG4	6001	7000	0.004123896185396	884	92	22309	18506
LON	LG4	6001	7000	0.0046538970264047	895	95	20413	4983
PAR	LG4	6001	7000	0.002806229830223	904	60	21381	4015
AUR	LG4	6001	7000	0.0029345372460496	891	65	22150	3246
CAL	LG4	6001	7000	0.0027582748244734	888	55	19940	5456
GRA	LG4	6001	7000	0.0045205805377111	890	95	21015	4381
PUN-R	LG4	6001	7000	0.0032816602075259	903	105	31996	8819
CLV	LG4	6001	7000	0.0077722326761024	902	95	12223	1382
ARI	LG4	6001	7000	0.0	843	0	2762	22634
LON	LG4	7001	8000	0.0063004528450482	777	128	20316	1496
PAR	LG4	7001	8000	0.0119619570546131	777	244	20398	1414
CAL	LG4	7001	8000	0.0044567978147313	777	93	20867	945
AUR	LG4	7001	8000	0.0037311624751659	777	77	20637	1175
ARI	LG4	7001	8000	0.0043891733723482	739	30	6835	14977
PUN-Y	LG4	7001	8000	0.0087688530340231	777	200	22808	12247
GRA	LG4	7001	8000	0.0287213327563825	777	531	18488	3324
CLV	LG4	7001	8000	0.0193214491086831	760	168	8695	2990
PUN-R	LG4	7001	8000	0.0065173116089613	777	208	31915	3140
LON	LG4	8001	9000	0.0093572181243414	889	222	23725	1195
PAR	LG4	8001	9000	0.0117744900639061	889	269	22846	2074
AUR	LG4	8001	9000	0.0144891944990176	889	354	24432	488
ARI	LG4	8001	9000	0.0110723043769042	863	149	13457	11463
CLV	LG4	8001	9000	0.0303617571059431	889	376	12384	966
CAL	LG4	8001	9000	0.0066674797739561	889	164	24597	323
GRA	LG4	8001	9000	0.017226683414831	861	384	22291	2629
PUN-Y	LG4	8001	9000	0.0083947428397781	889	221	26326	13724
PUN-R	LG4	8001	9000	0.0057040465880244	889	191	33485	6565
PUN-R	LG4	9001	10000	0.0075471698113207	861	284	37630	1340
CLV	LG4	9001	10000	0.0184701020494222	861	219	11857	1133
CAL	LG4	9001	10000	0.0127270374045472	861	295	23179	1069
LON	LG4	9001	10000	0.0149142431021625	861	340	22797	1451
AUR	LG4	9001	10000	0.0106958762886597	861	249	23280	968
PUN-Y	LG4	9001	10000	0.0147949330627475	861	452	30551	8419
PAR	LG4	9001	10000	0.0416496898908959	861	920	22089	2159
GRA	LG4	9001	10000	0.016572213635583	861	386	23292	956
ARI	LG4	9001	10000	0.014614369224967	853	155	10606	13642
LON	LG4	10001	11000	0.0035188581057639	854	71	20177	3847
PAR	LG4	10001	11000	0.0245167373880245	853	468	19089	4935
PUN-Y	LG4	10001	11000	0.0149502409150267	851	332	22207	16403
PUN-R	LG4	10001	11000	0.0038606625014735	854	131	33932	4678
GRA	LG4	10001	11000	0.0019626209911236	854	44	22419	1605
CAL	LG4	10001	11000	0.0069816373374139	849	146	20912	3112
CLV	LG4	10001	11000	0.0123917388407728	723	93	7505	5365
ARI	LG4	10001	11000	0.0	847	0	3180	20844
AUR	LG4	10001	11000	0.0031296023564064	854	68	21728	2296
AUR	LG4	11001	12000	0.0025080616266571	921	63	25119	1145
PUN-Y	LG4	11001	12000	0.0189029237699849	929	642	33963	8247
PUN-R	LG4	11001	12000	0.0042312753167006	937	164	38759	3451
GRA	LG4	11001	12000	0.0039912612385513	931	95	23802	2462
PAR	LG4	11001	12000	0.0119343176967637	937	274	22959	3305
LON	LG4	11001	12000	0.0046993613688396	937	117	24897	1367
CLV	LG4	11001	12000	0.0122272836250299	839	102	8342	5728
CAL	LG4	11001	12000	0.0020190023752969	937	51	25260	1004
ARI	LG4	11001	12000	0.0311440238078759	919	450	14449	11815
PAR	LG4	12001	13000	0.0158971195368481	846	335	21073	4127
PUN-R	LG4	12001	13000	0.0014093329157532	881	45	31930	8570
PUN-Y	LG4	12001	13000	0.0116866619618913	895	414	35425	5075
GRA	LG4	12001	13000	0.0008562415502478	885	19	22190	3010
CAL	LG4	12001	13000	0.0006405563689604	896	14	21856	3344
LON	LG4	12001	13000	0.0002903118779031	896	7	24112	1088
ARI	LG4	12001	13000	0.0177706809518903	880	345	19414	5786
CLV	LG4	12001	13000	0.0127262950349525	835	142	11158	2342
AUR	LG4	12001	13000	0.0034442655215602	878	77	22356	2844
AUR	LG4	13001	14000	0.0064112291350531	969	169	26360	1024
CLV	LG4	13001	14000	0.004765745289244	965	65	13639	1031
ARI	LG4	13001	14000	0.0041236287933381	969	103	24978	2406
LON	LG4	13001	14000	0.0014343309040161	969	37	25796	1588
PUN-Y	LG4	13001	14000	0.0067429708882806	969	271	40190	3820
PAR	LG4	13001	14000	0.0052682377543633	969	131	24866	2518
PUN-R	LG4	13001	14000	0.0056121085493549	969	231	41161	2849
GRA	LG4	13001	14000	0.0005374899220639	967	14	26047	1337
CAL	LG4	13001	14000	0.0048489666136724	969	122	25160	2224
CAL	LG4	14001	15000	0.0063204311611954	863	129	20410	3866
CLV	LG4	14001	15000	0.0111877875365955	756	107	9564	3441
ARI	LG4	14001	15000	0.0100360743686985	863	217	21622	2654
AUR	LG4	14001	15000	0.0068454875663593	863	147	21474	2802
PUN-R	LG4	14001	15000	0.0064728909163764	863	210	32443	6572
PUN-Y	LG4	14001	15000	0.0151912469481869	863	504	33177	5838
PAR	LG4	14001	15000	0.0083833476231304	863	176	20994	3282
LON	LG4	14001	15000	0.0049767750497677	863	105	21098	3178
GRA	LG4	14001	15000	0.0012173677803327	848	27	22179	2097
LON	LG4	15001	16000	0.0087228225491472	842	201	23043	561
PUN-Y	LG4	15001	16000	0.0129101364302627	842	458	35476	2459
PAR	LG4	15001	16000	0.0122249388753056	842	270	22086	1518
ARI	LG4	15001	16000	0.020133592306599	842	425	21109	2495
CLV	LG4	15001	16000	0.021079258010118	197	50	2372	10273
CAL	LG4	15001	16000	0.006602290590613	842	147	22265	1339
AUR	LG4	15001	16000	0.0089351173020527	842	195	21824	1780
GRA	LG4	15001	16000	0.0075592932060852	833	160	21166	2438
PUN-R	LG4	15001	16000	0.0073332191976259	842	257	35046	2889
AUR	LG4	16001	17000	0.0091973969631236	896	212	23050	2122
CAL	LG4	16001	17000	0.0132521974306964	896	294	22185	2987
CLV	LG4	16001	17000	0.0046865846514352	410	8	1707	11778
PUN-R	LG4	16001	17000	0.0054086358882414	896	181	33465	6990
LON	LG4	16001	17000	0.0156288639398585	896	316	20219	4953
PAR	LG4	16001	17000	0.0104250921182708	896	232	22254	2918
GRA	LG4	16001	17000	0.003402532517874	896	79	23218	1954
PUN-Y	LG4	16001	17000	0.0189776125660303	896	679	35779	4676
ARI	LG4	16001	17000	0.0233201581027668	886	472	20240	4932
PUN-Y	LG4	17001	18000	0.0172954946707644	845	529	30586	7574
GRA	LG4	17001	18000	0.0009648276466976	843	22	22802	942
PUN-R	LG4	17001	18000	0.0032769134324955	845	115	35094	3066
PAR	LG4	17001	18000	0.0091107871720116	844	200	21952	1792
LON	LG4	17001	18000	0.0104295887893406	845	227	21765	1979
CAL	LG4	17001	18000	0.0112524686538373	845	245	21773	1971
CLV	LG4	17001	18000	0.0042078006149862	541	26	6179	6541
ARI	LG4	17001	18000	0.0163173088992092	831	260	15934	7810
AUR	LG4	17001	18000	0.0097659686785148	843	222	22732	1012
GRA	LG4	18001	19000	0.0004621072088724	702	7	15148	6860
PUN-R	LG4	18001	19000	0.0046107946840249	785	136	29496	5874
PUN-Y	LG4	18001	19000	0.0083749044168517	785	230	27463	7907
PAR	LG4	18001	19000	0.0087365591397849	776	143	16368	5640
AUR	LG4	18001	19000	0.0159486709440879	780	261	16365	5643
ARI	LG4	18001	19000	0.0087466454626776	785	176	20122	1886
CLV	LG4	18001	19000	0.0035835871707579	532	20	5581	6209
CAL	LG4	18001	19000	0.0050993586373672	785	97	19022	2986
LON	LG4	18001	19000	0.0086379848417298	784	155	17944	4064
PAR	LG4	19001	20000	0.0241707260496404	841	521	21555	2021
PUN-Y	LG4	19001	20000	0.0111472792040289	841	363	32564	5326
ARI	LG4	19001	20000	0.0187779284028719	841	374	19917	3659
LON	LG4	19001	20000	0.0119258585181282	841	249	20879	2697
AUR	LG4	19001	20000	0.0211384268769465	840	319	15091	8485
CAL	LG4	19001	20000	0.0096259232785322	841	202	20985	2591
GRA	LG4	19001	20000	0.0150938528026833	740	234	15503	8073
PUN-R	LG4	19001	20000	0.0094226486208668	841	330	35022	2868
CLV	LG4	19001	20000	0.0074444872288538	793	58	7791	4839
LON	LG4	20001	21000	0.0243866607903628	815	498	20421	2455
PAR	LG4	20001	21000	0.0346113891774483	815	733	21178	1698
PUN-Y	LG4	20001	21000	0.0111007710715235	815	334	30088	6677
GRA	LG4	20001	21000	0.042590539541759	786	922	21648	1228
AUR	LG4	20001	21000	0.0245881332837854	815	397	16146	6730
ARI	LG4	20001	21000	0.0311389952484199	815	675	21677	1199
CLV	LG4	20001	21000	0.0325985428731552	813	349	10706	1549
PUN-R	LG4	20001	21000	0.0187164956348598	815	611	32645	4120
CAL	LG4	20001	21000	0.0216469739334355	815	480	22174	702
ARI	LG4	21001	22000	0.0113969953375928	709	198	17373	2535
GRA	LG4	21001	22000	0.0006460643910843	707	12	18574	1334
LON	LG4	21001	22000	0.0134518923848609	705	236	17544	2364
CAL	LG4	21001	22000	0.0058586598315635	701	96	16386	3522
PUN-R	LG4	21001	22000	0.0061873032144687	696	169	27314	4681
CLV	LG4	21001	22000	0.0033357159876101	702	28	8394	2271
PUN-Y	LG4	21001	22000	0.006433379197501	701	173	26891	5104
PAR	LG4	21001	22000	0.0095846645367412	709	171	17841	2067
AUR	LG4	21001	22000	0.0186708157368304	709	336	17996	1912
PUN-Y	LG4	22001	23000	0.0065636018443178	844	242	36870	1335
GRA	LG4	22001	23000	0.0013690695592649	758	26	18991	4781
LON	LG4	22001	23000	0.0112002822118352	844	254	22678	1094
PAR	LG4	22001	23000	0.0222878369368511	843	468	20998	2774
PUN-R	LG4	22001	23000	0.0059786202336345	844	217	36296	1909
AUR	LG4	22001	23000	0.0170339115486794	844	327	19197	4575
CAL	LG4	22001	23000	0.0060815540777038	844	139	22856	916
CLV	LG4	22001	23000	0.0117727350281521	839	138	11722	1013
ARI	LG4	22001	23000	0.0152823619839942	844	338	22117	1655
CLV	LG4	23001	24000	0.0031257814453613	759	25	7998	4857
CAL	LG4	23001	24000	0.0068454613653413	855	146	21328	2668
AUR	LG4	23001	24000	0.0106674087472751	855	230	21561	2435
ARI	LG4	23001	24000	0.0091276372886428	855	183	20049	3947
GRA	LG4	23001	24000	0.0003311884935654	830	7	21136	2860
PUN-R	LG4	23001	24000	0.0051170450535231	855	174	34004	4561
LON	LG4	23001	24000	0.0125852848976581	855	273	21692	2304
PUN-Y	LG4	23001	24000	0.0078943876874087	855	238	30148	8417
PAR	LG4	23001	24000	0.0082102538931774	854	184	22411	1585
CAL	LG4	24001	25000	0.0032383124287343	880	71	21925	2799
PUN-R	LG4	24001	25000	0.0038414768958655	880	139	36184	3551
PUN-Y	LG4	24001	25000	0.0075015858131774	880	272	36259	3476
PAR	LG4	24001	25000	0.0092640247040658	880	198	21373	3351
GRA	LG4	24001	25000	0.0	827	0	20084	4640
LON	LG4	24001	25000	0.0097104918477033	871	215	22141	2583
CLV	LG4	24001	25000	0.0037147102526002	859	35	9422	3823
ARI	LG4	24001	25000	0.0094476380904773	877	189	20005	4719
AUR	LG4	24001	25000	0.0141811103902122	880	306	21578	3146
ARI	LG4	25001	26000	0.0070041128802378	897	172	24557	559
PUN-R	LG4	25001	26000	0.0039162797935524	897	151	38557	1808
CAL	LG4	25001	26000	0.0038171038739543	897	94	24626	490
CLV	LG4	25001	26000	0.0035244360902255	897	45	12768	687
PUN-Y	LG4	25001	26000	0.0079870937028906	897	302	37811	2554
AUR	LG4	25001	26000	0.0082299369177424	897	197	23937	1179
LON	LG4	25001	26000	0.0078775694415952	897	192	24373	743
GRA	LG4	25001	26000	0.0011777606303049	897	29	24623	493
PAR	LG4	25001	26000	0.0122132980044713	897	295	24154	962
PAR	LG4	26001	27000	0.0056549290125932	926	141	24934	994
PUN-R	LG4	26001	27000	0.0082621658497144	926	327	39578	2092
LON	LG4	26001	27000	0.0165885322755138	926	414	24957	971
PUN-Y	LG4	26001	27000	0.0045782708223278	926	182	39753	1917
CLV	LG4	26001	27000	0.0051821034960951	926	71	13701	189
AUR	LG4	26001	27000	0.0053056994818652	926	128	24125	1803
ARI	LG4	26001	27000	0.0032551308006827	926	82	25191	737
GRA	LG4	26001	27000	0.0019099590723055	926	49	25655	273
CAL	LG4	26001	27000	0.009895181476846	926	253	25568	360
CLV	LG4	27001	28000	0.0026870007262164	963	37	13770	675
AUR	LG4	27001	28000	0.0049756827534605	963	133	26730	234
CAL	LG4	27001	28000	0.003232928560164	963	82	25364	1600
GRA	LG4	27001	28000	0.0004512805084427	963	12	26591	373
PUN-Y	LG4	27001	28000	0.0067280197996011	963	280	41617	1718
PUN-R	LG4	27001	28000	0.0030057968940098	963	126	41919	1416
LON	LG4	27001	28000	0.0069559066257958	963	177	25446	1518
PAR	LG4	27001	28000	0.0063645425964266	963	166	26082	882
ARI	LG4	27001	28000	0.004947051093762	963	128	25874	1090
ARI	LG4	28001	29000	0.0070616993345706	873	156	22091	2773
PUN-Y	LG4	28001	29000	0.0102343608066371	887	338	33026	6934
GRA	LG4	28001	29000	0.0013193735103847	856	31	23496	1368
PAR	LG4	28001	29000	0.01113515462988	867	247	22182	2682
LON	LG4	28001	29000	0.0013843443241882	887	33	23838	1026
CAL	LG4	28001	29000	0.0081157852022183	887	180	22179	2685
PUN-R	LG4	28001	29000	0.006021006021006	887	223	37037	2923
CLV	LG4	28001	29000	0.0089873642996974	820	101	11238	2082
AUR	LG4	28001	29000	0.0116673922507618	887	268	22970	1894
PAR	LG4	29001	30000	0.0158069342353476	747	243	15373	6047
PUN-R	LG4	29001	30000	0.006968238691049	765	181	25975	8450
LON	LG4	29001	30000	0.004327157484154	765	71	16408	5012
ARI	LG4	29001	30000	0.0130695357065492	740	181	13849	7571
CLV	LG4	29001	30000	0.0194387835083868	613	124	6379	5096
PUN-Y	LG4	29001	30000	0.0182107422447356	765	435	23887	10538
CAL	LG4	29001	30000	0.0078479053829998	765	142	18094	3326
AUR	LG4	29001	30000	0.0175546869642734	720	256	14583	6837
GRA	LG4	29001	30000	0.0	294	0	4090	17330
CAL	LG4	30001	31000	0.0102569112044544	882	210	20474	4306
GRA	LG4	30001	31000	0.0142818464870718	728	211	14774	10006
AUR	LG4	30001	31000	0.0244223380177904	829	464	18999	5781
ARI	LG4	30001	31000	0.0166812993854258	847	342	20502	4278
CLV	LG4	30001	31000	0.0017554125219426	756	18	10254	3021
PUN-Y	LG4	30001	31000	0.0206830346753549	882	711	34376	5449
PAR	LG4	30001	31000	0.0257137072281838	808	508	19756	5024
LON	LG4	30001	31000	0.0056659812657071	882	124	21885	2895
PUN-R	LG4	30001	31000	0.0026984171140846	882	97	35947	3878
CAL	LG4	31001	32000	0.0063240775641831	882	151	23877	875
CLV	LG4	31001	32000	0.0019887305270135	882	24	12068	1192
PAR	LG4	31001	32000	0.0205611390284757	881	491	23880	872
LON	LG4	31001	32000	0.0020007662509046	882	47	23491	1261
AUR	LG4	31001	32000	0.0116684155299055	882	278	23825	927
ARI	LG4	31001	32000	0.0143801010493587	882	333	23157	1595
PUN-R	LG4	31001	32000	0.0033356096023533	882	127	38074	1706
GRA	LG4	31001	32000	0.0044727033545275	865	102	22805	1947
PUN-Y	LG4	31001	32000	0.0225161219805443	882	824	36596	3184
PUN-Y	LG4	32001	33000	0.0075035763448406	855	278	37049	1516
PUN-R	LG4	32001	33000	0.002678448156841	855	97	36215	2350
PAR	LG4	32001	33000	0.012571330501566	854	293	23307	689
LON	LG4	32001	33000	0.008873688588991	854	192	21637	2359
AUR	LG4	32001	33000	0.003351356182135	849	75	22379	1617
CAL	LG4	32001	33000	0.0066167508270938	855	152	22972	1024
ARI	LG4	32001	33000	0.0092416652271549	847	214	23156	840
CLV	LG4	32001	33000	0.0024176488365064	835	24	9927	2928
GRA	LG4	32001	33000	0.0147869213813372	847	322	21776	2220
ARI	LG4	33001	34000	0.0042439621981099	859	97	22856	1280
LON	LG4	33001	34000	0.0020435967302452	859	48	23488	648
AUR	LG4	33001	34000	0.0076525991668176	858	169	22084	2052
CLV	LG4	33001	34000	0.0039094992513724	859	47	12022	908
CAL	LG4	33001	34000	0.0008857395925597	859	21	23709	427
GRA	LG4	33001	34000	0.0007050860204945	856	15	21274	2862
PUN-R	LG4	33001	34000	0.0033635115060122	859	120	35677	3113
PUN-Y	LG4	33001	34000	0.0033654924837334	859	120	35656	3134
PAR	LG4	33001	34000	0.0039713712141049	859	91	22914	1222
CLV	LG4	34001	35000	0.0019770359668466	947	26	13151	1129
ARI	LG4	34001	35000	0.0025541278635702	947	65	25449	1207
CAL	LG4	34001	35000	0.0005471528510571	947	14	25587	1069
GRA	LG4	34001	35000	0.0014225313154463	947	36	25307	1349
LON	LG4	34001	35000	0.0018449460255152	947	47	25475	1181
PAR	LG4	34001	35000	0.0048048048048048	947	120	24975	1681
PUN-Y	LG4	34001	35000	0.0028960179752839	947	116	40055	2785
AUR	LG4	34001	35000	0.0033326720888712	947	84	25205	1451
PUN-R	LG4	34001	35000	0.0024681508813043	947	99	40111	2729
GRA	LG4	35001	36000	0.0	928	0	25399	669
PUN-R	LG4	35001	36000	0.0048843122938643	928	194	39719	2176
LON	LG4	35001	36000	0.0033443452016803	928	82	24519	1549
ARI	LG4	35001	36000	0.0029340628841045	928	74	25221	847
CAL	LG4	35001	36000	0.0007419846135822	928	19	25607	461
AUR	LG4	35001	36000	0.0027664703790064	928	70	25303	765
CLV	LG4	35001	36000	0.0026581189899147	904	34	12791	1174
PAR	LG4	35001	36000	0.0044330843883541	928	111	25039	1029
PUN-Y	LG4	35001	36000	0.004711483621395	928	190	40327	1568
AUR	LG4	36001	37000	0.0025718670925457	936	62	24107	2185
ARI	LG4	36001	37000	0.0034275575628049	936	85	24799	1493
PUN-R	LG4	36001	37000	0.0049334252824783	936	186	37702	4553
GRA	LG4	36001	37000	0.0024267917812651	936	60	24724	1568
CLV	LG4	36001	37000	0.0071073748567061	936	93	13085	1000
CAL	LG4	36001	37000	0.0008858465874773	936	22	24835	1457
LON	LG4	36001	37000	0.0023469345740519	936	57	24287	2005
PUN-Y	LG4	36001	37000	0.0039302848778901	934	145	36893	5362
PAR	LG4	36001	37000	0.0040689225659123	936	98	24085	2207
GRA	LG4	37001	38000	0.0	843	0	23421	323
PUN-Y	LG4	37001	38000	0.0072632435009394	843	259	35659	2501
PUN-R	LG4	37001	38000	0.0041053150145054	843	150	36538	1622
CLV	LG4	37001	38000	0.003955440749112	843	49	12388	332
ARI	LG4	37001	38000	0.0022028412156087	842	49	22244	1500
CAL	LG4	37001	38000	0.0008323111967758	843	19	22828	916
PAR	LG4	37001	38000	0.0032765109586008	843	74	22585	1159
LON	LG4	37001	38000	0.0030121856601706	842	66	21911	1833
AUR	LG4	37001	38000	0.0012106014094859	843	28	23129	615
GRA	LG4	38001	39000	0.0025789309159112	972	66	25592	1680
PUN-R	LG4	38001	39000	0.0025298988040478	971	99	39132	4698
CAL	LG4	38001	39000	0.0014573814400504	969	37	25388	1884
LON	LG4	38001	39000	0.0026167471819645	971	65	24840	2432
PUN-Y	LG4	38001	39000	0.0043467761410287	972	162	37269	6561
AUR	LG4	38001	39000	0.0014379031264122	958	35	24341	2931
PAR	LG4	38001	39000	0.0024070712650935	961	61	25342	1930
CLV	LG4	38001	39000	0.0018705574261129	972	25	13365	1245
ARI	LG4	38001	39000	0.0048602168404436	972	117	24073	3199
ARI	LG4	39001	40000	0.0043587318557506	947	106	24319	2393
AUR	LG4	39001	40000	0.0030698992443324	947	78	25408	1304
GRA	LG4	39001	40000	0.0	947	0	24797	1915
PUN-R	LG4	39001	40000	0.0040158613896395	947	159	39593	3337
LON	LG4	39001	40000	0.0022818475096388	936	58	25418	1294
PAR	LG4	39001	40000	0.0034736085602491	947	87	25046	1666
CAL	LG4	39001	40000	0.0011773016246762	940	30	25482	1230
CLV	LG4	39001	40000	0.0031579758145266	947	41	12983	1327
PUN-Y	LG4	39001	40000	0.0046277866242038	947	186	40192	2738
AUR	LG4	40001	41000	0.0047179927085567	765	88	18652	3076
GRA	LG4	40001	41000	0.0067819424311451	769	131	19316	2412
PUN-R	LG4	40001	41000	0.0089212232939394	770	271	30377	4543
PAR	LG4	40001	41000	0.0088808948344668	754	158	17791	3937
LON	LG4	40001	41000	0.0074043813511719	757	145	19583	2145
CLV	LG4	40001	41000	0.0009870450339296	682	8	8105	3535
ARI	LG4	40001	41000	0.0082296770951124	750	131	15918	5810
CAL	LG4	40001	41000	0.0053515215110178	745	102	19060	2668
PUN-Y	LG4	40001	41000	0.0109419934067475	770	312	28514	6406
AUR	LG4	41001	42000	0.0028198074277854	808	41	14540	10632
CAL	LG4	41001	42000	0.0048383643759366	896	113	23355	1817
PUN-Y	LG4	41001	42000	0.0057618859475833	892	175	30372	10083
PAR	LG4	41001	42000	0.0050628164260266	820	81	15999	9173
LON	LG4	41001	42000	0.0031685149670641	896	76	23986	1186
ARI	LG4	41001	42000	0.0068563180369278	749	114	16627	8545
CLV	LG4	41001	42000	0.0014701951349906	604	11	7482	6003
PUN-R	LG4	41001	42000	0.0051568686162957	895	155	30057	10398
GRA	LG4	41001	42000	0.0024764072016598	772	37	14941	10231
CAL	LG4	42001	43000	0.0010784678319077	965	29	26890	214
GRA	LG4	42001	43000	0.0011283710083875	963	30	26587	517
ARI	LG4	42001	43000	0.0023534770725781	965	62	26344	760
CLV	LG4	42001	43000	0.0005704099821746	965	8	14025	495
LON	LG4	42001	43000	0.0019552547471329	965	52	26595	509
PAR	LG4	42001	43000	0.0042084942084942	965	109	25900	1204
PUN-R	LG4	42001	43000	0.0025702091537173	965	109	42409	1151
AUR	LG4	42001	43000	0.0024339227990112	965	64	26295	809
PUN-Y	LG4	42001	43000	0.0034896970847972	965	147	42124	1436
PUN-R	LG4	43001	44000	0.0027871885436939	969	116	41619	2121
CAL	LG4	43001	44000	0.001104004872849	969	29	26268	948
GRA	LG4	43001	44000	0.0005745145352177	969	15	26109	1107
PUN-Y	LG4	43001	44000	0.0032024843514969	969	132	41218	2522
PAR	LG4	43001	44000	0.0022993705002073	969	61	26529	687
LON	LG4	43001	44000	0.0012983541451865	969	34	26187	1029
CLV	LG4	43001	44000	0.0026379580778554	969	37	14026	554
AUR	LG4	43001	44000	0.0015813253012048	969	42	26560	656
ARI	LG4	43001	44000	0.0024240528599913	969	62	25577	1639
GRA	LG4	44001	45000	0.0015800165525543	996	42	26582	1390
CAL	LG4	44001	45000	0.0004511447798789	996	12	26599	1373
PUN-Y	LG4	44001	45000	0.0047510407601665	996	202	42517	2438
PUN-R	LG4	44001	45000	0.0032893133862872	996	135	41042	3913
ARI	LG4	44001	45000	0.0019090398652442	996	51	26715	1257
CLV	LG4	44001	45000	0.002393018018018	995	34	14208	777
LON	LG4	44001	45000	0.0017173341128325	996	47	27368	604
PAR	LG4	44001	45000	0.0024102640166122	996	65	26968	1004
AUR	LG4	44001	45000	0.0013158389413135	996	35	26599	1373
CAL	LG4	45001	46000	0.0	691	0	17036	7660
PUN-R	LG4	45001	46000	0.0062362156818008	824	164	26298	13392
GRA	LG4	45001	46000	0.001977930460129	761	38	19212	5484
CLV	LG4	45001	46000	0.0044576523031203	708	39	8749	4481
PUN-Y	LG4	45001	46000	0.0061793045664013	755	177	28644	11046
PAR	LG4	45001	46000	0.0027582130719598	788	56	20303	4393
LON	LG4	45001	46000	0.0021018861662702	753	38	18079	6617
AUR	LG4	45001	46000	0.0086449537595496	787	172	19896	4800
ARI	LG4	45001	46000	0.0027531661410622	785	55	19977	4719
LON	LG4	46001	47000	0.0005387931034482	954	14	25984	896
PAR	LG4	46001	47000	0.003865880731838	954	101	26126	754
ARI	LG4	46001	47000	0.0050264753280638	954	131	26062	818
AUR	LG4	46001	47000	0.0042797095911348	954	112	26170	710
PUN-Y	LG4	46001	47000	0.0052297525376185	954	220	42067	1133
PUN-R	LG4	46001	47000	0.0040126664894002	954	166	41369	1831
CAL	LG4	46001	47000	0.0002683226004293	954	7	26088	792
GRA	LG4	46001	47000	0.0018534934321863	954	46	24818	2062
CLV	LG4	46001	47000	0.0143040944524332	954	189	13213	1187
LON	LG4	47001	48000	0.0017699843582777	887	43	24294	682
CAL	LG4	47001	48000	0.0017348919823206	887	42	24209	767
CLV	LG4	47001	48000	0.012563323201621	773	62	4935	8445
GRA	LG4	47001	48000	0.0028772247112499	887	70	24329	647
PUN-R	LG4	47001	48000	0.0069272771725842	887	255	36811	3329
PUN-Y	LG4	47001	48000	0.0065366811614532	887	233	35645	4495
PAR	LG4	47001	48000	0.0035025493238749	887	79	22555	2421
ARI	LG4	47001	48000	0.0038459838203439	887	87	22621	2355
AUR	LG4	47001	48000	0.0055822466254861	865	122	21855	3121
PAR	LG4	48001	49000	0.0057926240586985	851	120	20716	3196
LON	LG4	48001	49000	0.0068096070672678	835	148	21734	2178
AUR	LG4	48001	49000	0.0051825567279858	836	111	21418	2494
ARI	LG4	48001	49000	0.0080550805508055	851	179	22222	1690
CLV	LG4	48001	49000	0.0176009183087813	438	92	5227	7583
GRA	LG4	48001	49000	0.0087474976064061	851	201	22978	934
PUN-R	LG4	48001	49000	0.0114099894457597	835	400	35057	3373
PUN-Y	LG4	48001	49000	0.0108077529996724	851	363	33587	4843
CAL	LG4	48001	49000	0.0108041575492341	851	237	21936	1976
PAR	LG4	49001	50000	0.0124471299093655	668	206	16550	2182
CAL	LG4	49001	50000	0.0152575427325914	668	266	17434	1298
CLV	LG4	49001	50000	0.0	414	0	2421	7614
LON	LG4	49001	50000	0.0171593611960584	668	303	17658	1074
PUN-Y	LG4	49001	50000	0.0152424942263279	668	396	25980	4125
GRA	LG4	49001	50000	0.0208385016125031	667	336	16124	2608
PUN-R	LG4	49001	50000	0.0179745904652967	668	440	24479	5626
AUR	LG4	49001	50000	0.0076215043677082	668	130	17057	1675
ARI	LG4	49001	50000	0.0125437902587863	668	222	17698	1034
PAR	LG4	50001	51000	0.008825102513817	834	198	22436	1112
ARI	LG4	50001	51000	0.0083513054650575	834	182	21793	1755
CLV	LG4	50001	51000	0.0022237046920169	435	10	4497	8118
CAL	LG4	50001	51000	0.011030774935113	834	238	21576	1972
GRA	LG4	50001	51000	0.0195904756942635	783	376	19193	4355
PUN-R	LG4	50001	51000	0.0131950040290088	834	393	29784	8061
PUN-Y	LG4	50001	51000	0.0127918602599541	834	435	34006	3839
AUR	LG4	50001	51000	0.0083394428152492	833	182	21824	1724
LON	LG4	50001	51000	0.0190088897295252	834	402	21148	2400
AUR	LG4	51001	52000	0.0052271638280263	854	120	22957	1039
CLV	LG4	51001	52000	0.0049504950495049	760	54	10908	1947
LON	LG4	51001	52000	0.012095500293361	844	268	22157	1839
PUN-R	LG4	51001	52000	0.0231356693620844	850	824	35616	2949
GRA	LG4	51001	52000	0.0315432742440041	854	726	23016	980
ARI	LG4	51001	52000	0.0108686008339987	854	245	22542	1454
CAL	LG4	51001	52000	0.0065333684118214	850	149	22806	1190
PUN-Y	LG4	51001	52000	0.0137882018479033	830	485	35175	3390
PAR	LG4	51001	52000	0.0029713668287412	851	66	22212	1784
LON	LG4	52001	53000	0.0172117797244354	827	391	22717	467
CLV	LG4	52001	53000	0.0017343904856293	827	21	12108	312
ARI	LG4	52001	53000	0.0084612268778972	827	188	22219	965
AUR	LG4	52001	53000	0.0055707843310637	827	126	22618	566
PUN-R	LG4	52001	53000	0.0248593670094891	827	875	35198	2062
PAR	LG4	52001	53000	0.0032126696832579	827	71	22100	1084
GRA	LG4	52001	53000	0.0290377851925331	827	644	22178	1006
CAL	LG4	52001	53000	0.0124818705225684	827	284	22753	431
PUN-Y	LG4	52001	53000	0.0159975769590836	827	581	36318	942
GRA	LG4	53001	54000	0.0159645827743493	483	119	7454	10326
PUN-R	LG4	53001	54000	0.0092985160917325	631	193	20756	7819
LON	LG4	53001	54000	0.0127767047986926	627	172	13462	4318
ARI	LG4	53001	54000	0.0042978048135413	632	65	15124	2656
CLV	LG4	53001	54000	0.006050605060506	546	33	5454	4071
PAR	LG4	53001	54000	0.0009663703131039	629	15	15522	2258
CAL	LG4	53001	54000	0.0050384513391673	628	76	15084	2696
PUN-Y	LG4	53001	54000	0.0047951363616902	632	112	23357	5218
AUR	LG4	53001	54000	0.0044998714322447	626	70	15556	2224
CLV	LG4	54001	55000	0.0030384054448225	652	25	8228	4237
PUN-R	LG4	54001	55000	0.0105875473207965	830	344	32491	4904
PAR	LG4	54001	55000	0.0033715130242009	829	73	21652	1616
LON	LG4	54001	55000	0.0072400175515577	830	132	18232	5036
AUR	LG4	54001	55000	0.0028201605322149	787	39	13829	9439
PUN-Y	LG4	54001	55000	0.0097074642529187	830	296	30492	6903
ARI	LG4	54001	55000	0.0087202666301419	830	191	21903	1365
CAL	LG4	54001	55000	0.0087229588276343	830	200	22928	340
GRA	LG4	54001	55000	0.0117216117216117	592	112	9555	13713
CLV	LG4	55001	56000	0.0123873873873873	462	44	3552	10008
PUN-R	LG4	55001	56000	0.005208049299231	903	191	36674	4006
PAR	LG4	55001	56000	0.0010028413839211	903	24	23932	1380
PUN-Y	LG4	55001	56000	0.0082209893931989	903	286	34789	5891
LON	LG4	55001	56000	0.004158177055179	903	100	24049	1263
AUR	LG4	55001	56000	0.0	735	0	980	24332
ARI	LG4	55001	56000	0.0073794330859052	900	170	23037	2275
CAL	LG4	55001	56000	0.002497985495568	903	62	24820	492
GRA	LG4	55001	56000	0.0107360431439129	811	215	20026	5286
GRA	LG4	56001	57000	0.0053430479659987	893	132	24705	383
CAL	LG4	56001	57000	0.0037278657968313	893	88	23606	1482
PAR	LG4	56001	57000	0.004795671598967	893	117	24397	691
LON	LG4	56001	57000	0.0058624010719819	893	140	23881	1207
PUN-R	LG4	56001	57000	0.0063608276864761	893	245	38517	1803
PUN-Y	LG4	56001	57000	0.0066444323793272	893	257	38679	1641
ARI	LG4	56001	57000	0.0052600572294226	893	125	23764	1324
AUR	LG4	56001	57000	0.0072927708289166	888	172	23585	1503
CLV	LG4	56001	57000	0.0022150281138183	852	26	11738	1702
PAR	LG4	57001	58000	0.0053814629299995	896	130	24157	987
GRA	LG4	57001	58000	0.0114783458156952	895	282	24568	576
PUN-R	LG4	57001	58000	0.0066020466344566	896	220	33323	7087
LON	LG4	57001	58000	0.0120391271632806	896	288	23922	1222
PUN-Y	LG4	57001	58000	0.0116814159292035	896	297	25425	14985
CLV	LG4	57001	58000	0.0060017147756501	381	21	3499	9971
CAL	LG4	57001	58000	0.0021822625698324	896	50	22912	2232
AUR	LG4	57001	58000	0.0095956696465184	896	234	24386	758
ARI	LG4	57001	58000	0.0122243802124985	896	107	8753	16391
CLV	LG4	58001	59000	0.0048899755501222	454	28	5726	7879
ARI	LG4	58001	59000	0.004155191573658	896	86	20697	4699
LON	LG4	58001	59000	0.0043788517677586	906	108	24664	732
AUR	LG4	58001	59000	0.005860006466214	906	145	24744	652
GRA	LG4	58001	59000	0.0034664839372808	906	86	24809	587
CAL	LG4	58001	59000	0.0033090668431502	906	80	24176	1220
PUN-R	LG4	58001	59000	0.0044223472458458	906	169	38215	2600
PAR	LG4	58001	59000	0.0029720706782835	906	73	24562	834
PUN-Y	LG4	58001	59000	0.0083531877027298	906	291	34837	5978
ARI	LG4	59001	60000	0.0119896731282544	894	274	22853	2683
CAL	LG4	59001	60000	0.0121110712720608	909	304	25101	435
AUR	LG4	59001	60000	0.0163405452364208	909	395	24173	1363
PUN-R	LG4	59001	60000	0.0057281059063136	909	225	39280	1760
GRA	LG4	59001	60000	0.0041403051730554	909	89	21496	4040
PAR	LG4	59001	60000	0.0075840566276228	909	180	23734	1802
LON	LG4	59001	60000	0.0059542967492758	909	148	24856	680
CLV	LG4	59001	60000	0.0	240	0	478	13202
PUN-Y	LG4	59001	60000	0.0264745854851861	909	974	36790	4250
AUR	LG4	60001	61000	0.008203281312525	695	82	9996	13972
CAL	LG4	60001	61000	0.0057937427578215	439	50	8630	15338
PUN-Y	LG4	60001	61000	0.0179746627179993	854	437	24312	14208
CLV	LG4	60001	61000	0.0	23	0	273	12567
PUN-R	LG4	60001	61000	0.0151821294269517	854	541	35634	2886
LON	LG4	60001	61000	0.0053152039555006	847	86	16180	7788
ARI	LG4	60001	61000	0.0065953076008217	525	61	9249	14719
PAR	LG4	60001	61000	0.0121500777604976	754	125	10288	13680
GRA	LG4	60001	61000	0.0	444	0	9262	14706
LON	LG4	61001	62000	0.0096884498480243	783	102	10528	14364
PUN-Y	LG4	61001	62000	0.0135349476578196	839	256	18914	21091
PAR	LG4	61001	62000	0.0085544259856186	744	69	8066	16826
AUR	LG4	61001	62000	0.0069944891903348	633	66	9436	15456
ARI	LG4	61001	62000	0.0081263591621838	400	71	8737	16155
CLV	LG4	61001	62000	0.0	164	0	768	12567
CAL	LG4	61001	62000	0.0110774253731343	422	95	8576	16316
GRA	LG4	61001	62000	0.0029195050743778	438	21	7193	17699
PUN-R	LG4	61001	62000	0.0060443711793392	886	176	29118	10887
CAL	LG4	62001	63000	0.0069133135295706	715	128	18515	1505
GRA	LG4	62001	63000	0.0017823496460762	715	35	19637	383
PUN-Y	LG4	62001	63000	0.0133968442988984	715	405	30231	1944
ARI	LG4	62001	63000	0.0060985395602632	715	114	18693	1327
AUR	LG4	62001	63000	0.0119925736364092	715	239	19929	91
CLV	LG4	62001	63000	0.0	310	0	870	9855
LON	LG4	62001	63000	0.0154053633487214	715	297	19279	741
PUN-R	LG4	62001	63000	0.0183941905871069	715	537	29194	2981
PAR	LG4	62001	63000	0.006794930523744	633	89	13098	6922
PUN-R	LG4	63001	64000	0.0247724067188101	902	966	38995	1640
LON	LG4	63001	64000	0.0272882771788853	902	686	25139	145
ARI	LG4	63001	64000	0.0035305225994498	902	86	24359	925
CAL	LG4	63001	64000	0.0062116811874798	902	154	24792	492
CLV	LG4	63001	64000	0.0	245	0	1173	12372
PUN-Y	LG4	63001	64000	0.0223304053338977	902	844	37796	2839
GRA	LG4	63001	64000	0.0041934582051998	902	105	25039	245
AUR	LG4	63001	64000	0.0121325430605831	902	305	25139	145
PAR	LG4	63001	64000	0.0132641291810842	902	322	24276	1008
PAR	LG4	64001	65000	0.0224699529698658	738	387	17223	3973
LON	LG4	64001	65000	0.0265928254253355	756	533	20043	1153
PUN-R	LG4	64001	65000	0.031321149467725	756	1018	32502	1563
PUN-Y	LG4	64001	65000	0.0337784038708887	756	1103	32654	1411
GRA	LG4	64001	65000	0.0113187399893219	722	212	18730	2466
AUR	LG4	64001	65000	0.0150634928795434	756	293	19451	1745
ARI	LG4	64001	65000	0.0027020265198899	756	54	19985	1211
CLV	LG4	64001	65000	0.008496395468589	473	33	3884	7471
CAL	LG4	64001	65000	0.0090550979689978	756	177	19547	1649
ARI	LG4	65001	66000	0.0032944644327885	885	76	23069	1711
CLV	LG4	65001	66000	0.007455268389662	877	90	12072	1203
CAL	LG4	65001	66000	0.0020810380707552	885	51	24507	273
GRA	LG4	65001	66000	0.001548187330667	872	36	23253	1527
PUN-R	LG4	65001	66000	0.0115696104897801	885	420	36302	3523
AUR	LG4	65001	66000	0.013230132301323	885	294	22222	2558
LON	LG4	65001	66000	0.0042858473865648	885	92	21466	3314
PAR	LG4	65001	66000	0.0070570369377819	885	158	22389	2391
PUN-Y	LG4	65001	66000	0.0107073851438385	885	399	37264	2561
LON	LG4	66001	67000	0.0096502317741255	865	229	23730	574
CAL	LG4	66001	67000	0.0041515535550408	865	95	22883	1421
ARI	LG4	66001	67000	0.005492574039898	865	125	22758	1546
GRA	LG4	66001	67000	0.0	730	0	17734	6570
PUN-R	LG4	66001	67000	0.0141077512776831	865	530	37568	1492
AUR	LG4	66001	67000	0.0245019464163041	865	535	21835	2469
PAR	LG4	66001	67000	0.0046235138705416	858	77	16654	7650
CLV	LG4	66001	67000	0.01393913598638	865	131	9398	3622
PUN-Y	LG4	66001	67000	0.0193111898356551	865	725	37543	1517
AUR	LG4	67001	68000	0.0098364405810362	696	172	17486	2114
LON	LG4	67001	68000	0.0015939641889378	699	30	18821	779
ARI	LG4	67001	68000	0.0075646656905807	699	124	16392	3208
PUN-Y	LG4	67001	68000	0.0134026805361072	699	335	24995	6505
GRA	LG4	67001	68000	0.0013963821009203	634	22	15755	3845
CLV	LG4	67001	68000	0.0105344014045868	697	96	9113	1387
CAL	LG4	67001	68000	0.0037641154328732	699	69	18331	1269
PAR	LG4	67001	68000	0.005442878423284	698	95	17454	2146
PUN-R	LG4	67001	68000	0.0062828421293123	699	165	26262	5238
PAR	LG4	68001	69000	0.0027167959335699	879	62	22821	1903
PUN-Y	LG4	68001	69000	0.0094214174565002	879	333	35345	4390
AUR	LG4	68001	69000	0.0111131864026895	879	238	21416	3308
LON	LG4	68001	69000	0.0027910685805422	878	63	22572	2152
ARI	LG4	68001	69000	0.0070809693451202	879	161	22737	1987
CLV	LG4	68001	69000	0.0254489580332276	871	265	10413	2832
GRA	LG4	68001	69000	0.0023611755281022	879	56	23717	1007
CAL	LG4	68001	69000	0.0050253471456909	878	114	22685	2039
PUN-R	LG4	68001	69000	0.0078524720238583	879	287	36549	3186
PAR	LG4	69001	70000	0.0031068180534372	831	55	17703	6153
PUN-Y	LG4	69001	70000	0.0028951939779965	827	90	31086	7254
PUN-R	LG4	69001	70000	0.0016594000130149	833	51	30734	7606
LON	LG4	69001	70000	0.0040757492917143	837	82	20119	3737
ARI	LG4	69001	70000	0.0027649769585253	822	39	14105	9751
CLV	LG4	69001	70000	0.0049429210309521	649	42	8497	4283
GRA	LG4	69001	70000	0.0015224437678027	812	31	20362	3494
CAL	LG4	69001	70000	0.0032628741665484	818	46	14098	9758
AUR	LG4	69001	70000	0.0008154389779831	830	15	18395	5461
LON	LG4	70001	71000	0.0007568590350047	785	4	5285	21763
CLV	LG4	70001	71000	0.0	141	0	704	13786
PAR	LG4	70001	71000	0.0	251	0	595	26453
CAL	LG4	70001	71000	0.0	335	0	1904	25144
GRA	LG4	70001	71000	0.0	264	0	2205	24843
PUN-R	LG4	70001	71000	0.0024530471444998	789	32	13045	30425
AUR	LG4	70001	71000	0.0	63	0	327	26721
PUN-Y	LG4	70001	71000	0.0014844136566056	669	15	10105	33365
ARI	LG4	70001	71000	0.0033071517155849	271	8	2419	24629
CAL	LG4	71001	72000	NA	0	0	0	27972
LON	LG4	71001	72000	0.0	225	0	711	27261
PUN-Y	LG4	71001	72000	0.0	49	0	49	44906
PAR	LG4	71001	72000	0.0	79	0	79	27893
PUN-R	LG4	71001	72000	0.0	274	0	274	44681
GRA	LG4	71001	72000	0.0	55	0	55	27917
AUR	LG4	71001	72000	NA	0	0	0	27972
ARI	LG4	71001	72000	0.0	200	0	200	27772
CLV	LG4	71001	72000	0.0	378	0	1456	13529
PUN-Y	LG4	72001	73000	0.0	75	0	75	44880
LON	LG4	72001	73000	0.0	231	0	811	27161
PAR	LG4	72001	73000	0.0	17	0	17	27955
CAL	LG4	72001	73000	NA	0	0	0	27972
GRA	LG4	72001	73000	NA	0	0	0	27972
AUR	LG4	72001	73000	NA	0	0	0	27972
ARI	LG4	72001	73000	0.0	198	0	1163	26809
CLV	LG4	72001	73000	NA	0	0	0	14985
PUN-R	LG4	72001	73000	0.0	117	0	117	44838
PAR	LG4	73001	74000	0.0	53	0	53	27191
CLV	LG4	73001	74000	0.0	15	0	15	14580
CAL	LG4	73001	74000	0.0	75	0	140	27104
AUR	LG4	73001	74000	0.0	37	0	132	27112
ARI	LG4	73001	74000	0.0	473	0	7845	19399
LON	LG4	73001	74000	0.007192254495159	480	26	3615	23629
PUN-Y	LG4	73001	74000	0.0	469	0	651	43134
GRA	LG4	73001	74000	0.0	38	0	158	27086
PUN-R	LG4	73001	74000	0.0	343	0	343	43442
PUN-Y	LG4	74001	75000	NA	0	0	0	45000
PUN-R	LG4	74001	75000	NA	0	0	0	45000
GRA	LG4	74001	75000	NA	0	0	0	28000
CAL	LG4	74001	75000	NA	0	0	0	28000
CLV	LG4	74001	75000	NA	0	0	0	15000
ARI	LG4	74001	75000	NA	0	0	0	28000
AUR	LG4	74001	75000	NA	0	0	0	28000
LON	LG4	74001	75000	NA	0	0	0	28000
PAR	LG4	74001	75000	NA	0	0	0	28000
PUN-Y	LG4	75001	76000	0.0036396724294813	202	8	2198	40237
PUN-R	LG4	75001	76000	0.0	128	0	2236	40199
GRA	LG4	75001	76000	0.0	164	0	3540	22864
PAR	LG4	75001	76000	0.0	151	0	1574	24830
CLV	LG4	75001	76000	0.0	38	0	223	13922
ARI	LG4	75001	76000	0.0	140	0	540	25864
AUR	LG4	75001	76000	0.0	178	0	3900	22504
CAL	LG4	75001	76000	0.0	189	0	1520	24884
LON	LG4	75001	76000	0.0060150375939849	200	12	1995	24409
CAL	LG4	76001	77000	0.0063458947276915	846	146	23007	765
PUN-Y	LG4	76001	77000	0.0070751888715673	846	236	33356	4849
PUN-R	LG4	76001	77000	0.0036901458345633	846	125	33874	4331
LON	LG4	76001	77000	0.0078718906032117	846	175	22231	1541
CLV	LG4	76001	77000	0.0187200696560731	842	215	11485	1250
ARI	LG4	76001	77000	0.004381960927515	800	48	10954	12818
PAR	LG4	76001	77000	0.0039555758405598	846	78	19719	4053
AUR	LG4	76001	77000	0.0074701195219123	846	165	22088	1684
GRA	LG4	76001	77000	0.0010857272110382	838	24	22105	1667
GRA	LG4	77001	78000	0.0026350461133069	358	12	4554	17706
PUN-Y	LG4	77001	78000	0.0050558997365235	787	142	28086	7689
CAL	LG4	77001	78000	0.007072135785007	793	145	20503	1757
PAR	LG4	77001	78000	0.0034736842105263	776	66	19000	3260
LON	LG4	77001	78000	0.0061408661291183	793	115	18727	3533
CLV	LG4	77001	78000	0.0093378607809847	767	88	9424	2501
AUR	LG4	77001	78000	0.0013679170831798	789	26	19007	3253
ARI	LG4	77001	78000	0.0078671328671328	756	72	9152	13108
PUN-R	LG4	77001	78000	0.0019969227747405	793	61	30547	5228
PUN-R	LG4	78001	79000	0.0011142061281337	903	42	37695	2940
CAL	LG4	78001	79000	0.0039535883111302	903	92	23270	2014
GRA	LG4	78001	79000	0.0010481722496396	894	24	22897	2387
ARI	LG4	78001	79000	0.0046393460731249	870	84	18106	7178
PUN-Y	LG4	78001	79000	0.0035140027686082	903	132	37564	3071
AUR	LG4	78001	79000	0.0060228622936042	903	147	24407	877
CLV	LG4	78001	79000	0.0111581377452866	903	145	12995	550
PAR	LG4	78001	79000	0.0012152637122255	903	30	24686	598
LON	LG4	78001	79000	0.0016676703571594	903	36	21587	3697
LON	LG4	79001	80000	0.0031447808732814	912	78	24803	1013
ARI	LG4	79001	80000	0.0013315041962556	912	33	24784	1032
AUR	LG4	79001	80000	0.0052412579018964	912	131	24994	822
PUN-Y	LG4	79001	80000	0.0033540846144073	912	132	39355	2135
PAR	LG4	79001	80000	0.0014403117851393	912	34	23606	2210
CLV	LG4	79001	80000	0.0081648522550544	912	105	12860	970
CAL	LG4	79001	80000	0.0029588197146562	912	73	24672	1144
GRA	LG4	79001	80000	0.0005787276259766	912	14	24191	1625
PUN-R	LG4	79001	80000	0.0010662089769594	912	41	38454	3036
AUR	LG4	80001	81000	0.0046533826512349	926	117	25143	925
CLV	LG4	80001	81000	0.0030457625828066	925	40	13133	832
CAL	LG4	80001	81000	0.0057785534225324	926	149	25785	283
LON	LG4	80001	81000	0.0027041422542713	926	66	24407	1661
ARI	LG4	80001	81000	0.0037286504690882	926	93	24942	1126
PUN-R	LG4	80001	81000	0.0006758786422349	926	27	39948	1947
PUN-Y	LG4	80001	81000	0.0017070757050964	926	69	40420	1475
GRA	LG4	80001	81000	0.0013966480446927	926	36	25776	292
PAR	LG4	80001	81000	0.0044419087982395	926	109	24539	1529
AUR	LG4	81001	82000	0.003315296090237	953	87	26242	582
ARI	LG4	81001	82000	0.0012473436200683	918	27	21646	5178
CLV	LG4	81001	82000	0.0031972637370808	953	43	13449	921
PUN-Y	LG4	81001	82000	0.003166999334664	953	119	37575	5535
PAR	LG4	81001	82000	0.0027034333603676	952	70	25893	931
LON	LG4	81001	82000	0.0052747083509798	953	137	25973	851
PUN-R	LG4	81001	82000	0.0014324560551616	953	59	41188	1922
GRA	LG4	81001	82000	0.00137367878811	953	36	26207	617
CAL	LG4	81001	82000	0.0069701009331555	953	183	26255	569
CAL	LG4	82001	83000	0.0047164057735312	939	116	24595	1725
LON	LG4	82001	83000	0.001943407960199	939	50	25728	592
PAR	LG4	82001	83000	0.0015819402283124	917	37	23389	2931
GRA	LG4	82001	83000	0.0	898	0	23559	2761
PUN-Y	LG4	82001	83000	0.0022662456712161	939	89	39272	3028
PUN-R	LG4	82001	83000	0.0009429761374649	939	36	38177	4123
ARI	LG4	82001	83000	0.00103100959632	939	26	25218	1102
CLV	LG4	82001	83000	0.00734249171009	919	93	12666	1434
AUR	LG4	82001	83000	0.0042854854213393	939	107	24968	1352
LON	LG4	83001	84000	0.0115575456855863	678	191	16526	2570
CAL	LG4	83001	84000	0.021830492645342	678	374	17132	1964
GRA	LG4	83001	84000	0.0179110919292188	556	166	9268	9828
PAR	LG4	83001	84000	0.0162534108435164	672	274	16858	2238
PUN-Y	LG4	83001	84000	0.0141302811925957	678	400	28308	2382
AUR	LG4	83001	84000	0.0183972911963882	678	326	17720	1376
CLV	LG4	83001	84000	0.0183902555529018	578	77	4187	6043
ARI	LG4	83001	84000	0.0126337354882768	678	222	17572	1524
PUN-R	LG4	83001	84000	0.0062908641102668	678	178	28295	2395
PUN-Y	LG4	84001	85000	0.0057305055698371	916	214	37344	4146
LON	LG4	84001	85000	0.0073432658432021	916	173	23559	2257
AUR	LG4	84001	85000	0.0033598966185655	916	78	23215	2601
ARI	LG4	84001	85000	0.0031466331025802	916	75	23835	1981
CAL	LG4	84001	85000	0.0089013331104517	916	213	23929	1887
GRA	LG4	84001	85000	0.0022974286471679	886	52	22634	3182
PUN-R	LG4	84001	85000	0.0021676300578034	916	84	38752	2738
PAR	LG4	84001	85000	0.0045716727195043	916	107	23405	2411
CLV	LG4	84001	85000	0.0047130112775627	888	56	11882	1948
AUR	LG4	85001	86000	0.0074653215636822	812	148	19825	3079
ARI	LG4	85001	86000	0.006353311593388	766	113	17786	5118
PUN-R	LG4	85001	86000	0.0018343815513626	815	56	30528	6282
LON	LG4	85001	86000	0.0066623484778384	815	144	21614	1290
PAR	LG4	85001	86000	0.0109204368174727	815	224	20512	2392
CLV	LG4	85001	86000	0.0052580092932257	733	43	8178	4092
PUN-Y	LG4	85001	86000	0.0046708704500717	814	140	29973	6837
CAL	LG4	85001	86000	0.0108863920099875	815	218	20025	2879
GRA	LG4	85001	86000	0.002455975335737	782	47	19137	3767
ARI	LG4	86001	87000	0.009194327567399	839	59	6417	17831
AUR	LG4	86001	87000	0.0127716355318337	865	268	20984	3264
LON	LG4	86001	87000	0.0140724369672094	865	312	22171	2077
CLV	LG4	86001	87000	0.0182194616977225	706	132	7245	5745
PUN-Y	LG4	86001	87000	0.0044008714596949	863	101	22950	16020
PAR	LG4	86001	87000	0.0102390937312782	859	188	18361	5887
PUN-R	LG4	86001	87000	0.0050060632443021	865	161	32161	6809
GRA	LG4	86001	87000	0.0258845437616387	615	278	10740	13508
CAL	LG4	86001	87000	0.0120926323653002	862	259	21418	2830
LON	LG4	87001	88000	0.003380916604057	797	27	7986	17578
PAR	LG4	87001	88000	0.0	509	0	8441	17123
CAL	LG4	87001	88000	0.0053314121037463	844	37	6940	18624
CLV	LG4	87001	88000	0.0	86	0	175	13520
ARI	LG4	87001	88000	0.002373887240356	391	4	1685	23879
AUR	LG4	87001	88000	0.0044355732978487	829	20	4509	21055
PUN-R	LG4	87001	88000	0.0	511	0	5750	35335
PUN-Y	LG4	87001	88000	0.0015527950310559	633	8	5152	35933
GRA	LG4	87001	88000	0.0379146919431279	222	56	1477	24087
LON	LG4	88001	89000	0.0211046602855797	859	269	12746	13350
CLV	LG4	88001	89000	0.0025990903183885	432	8	3078	10902
PUN-R	LG4	88001	89000	0.0124834367808075	925	358	28678	13262
CAL	LG4	88001	89000	0.0217948717948717	809	170	7800	18296
GRA	LG4	88001	89000	0.0009677986978708	747	11	11366	14730
AUR	LG4	88001	89000	0.0240186991214636	893	298	12407	13689
ARI	LG4	88001	89000	0.0025894157630684	445	16	6179	19917
PAR	LG4	88001	89000	0.008688860685346	472	89	10243	15853
PUN-Y	LG4	88001	89000	0.0152459099427645	931	301	19743	22197
ARI	LG4	89001	90000	0.0123080909503141	862	190	15437	8783
CLV	LG4	89001	90000	0.0021287919105907	534	8	3758	9217
LON	LG4	89001	90000	0.0210207649341235	859	493	23453	767
PAR	LG4	89001	90000	0.014944222268996	864	355	23755	465
PUN-Y	LG4	89001	90000	0.0173245536814676	864	492	28399	10526
PUN-R	LG4	89001	90000	0.0143370115063035	864	547	38153	772
AUR	LG4	89001	90000	0.0231700674571584	864	553	23867	353
CAL	LG4	89001	90000	0.025	864	489	19560	4660
GRA	LG4	89001	90000	0.0008708633988554	864	21	24114	106
LON	LG4	90001	91000	0.0063286194233924	856	81	12799	12289
PUN-R	LG4	90001	91000	0.0052437425688241	895	172	32801	7519
PUN-Y	LG4	90001	91000	0.0107054625308811	895	351	32787	7533
PAR	LG4	90001	91000	0.0083875887148806	860	143	17049	8039
GRA	LG4	90001	91000	0.0265496874820803	828	463	17439	7649
AUR	LG4	90001	91000	0.0118610391956168	864	197	16609	8479
ARI	LG4	90001	91000	0.0	830	0	11721	13367
CLV	LG4	90001	91000	0.0015455950540958	581	4	2588	10852
CAL	LG4	90001	91000	0.0068001096791883	874	124	18235	6853
GRA	LG4	91001	92000	0.0160829607550919	789	259	16104	6072
ARI	LG4	91001	92000	0.0077120822622107	700	78	10114	12062
CLV	LG4	91001	92000	0.0005361930294906	653	3	5595	6285
CAL	LG4	91001	92000	0.0173586548402894	791	319	18377	3799
AUR	LG4	91001	92000	0.0257291913682712	774	434	16868	5308
LON	LG4	91001	92000	0.0163323393873678	712	241	14756	7420
PAR	LG4	91001	92000	0.0119462419113987	782	144	12054	10122
PUN-Y	LG4	91001	92000	0.0055852097988617	791	158	28289	7351
PUN-R	LG4	91001	92000	0.0081894794073671	791	241	29428	6212
PUN-Y	LG4	92001	93000	0.0243116145633078	754	822	33811	209
ARI	LG4	92001	93000	0.0343962564523131	754	713	20729	439
CLV	LG4	92001	93000	0.0236566809320019	715	199	8412	2928
CAL	LG4	92001	93000	0.0272356953391436	754	575	21112	56
LON	LG4	92001	93000	0.0271270036991368	754	572	21086	82
AUR	LG4	92001	93000	0.0273273995669954	754	568	20785	383
PAR	LG4	92001	93000	0.0334638475593839	754	641	19155	2013
PUN-R	LG4	92001	93000	0.0233527939949958	754	784	33572	448
GRA	LG4	92001	93000	0.0401299350324837	754	803	20010	1158
ARI	LG4	93001	94000	0.0161075104841784	484	169	10492	13868
CAL	LG4	93001	94000	0.0152517313827717	641	196	12851	11509
CLV	LG4	93001	94000	0.0477453580901856	497	252	5278	7772
AUR	LG4	93001	94000	0.0104400278400742	650	135	12931	11429
GRA	LG4	93001	94000	0.0273113120501937	589	296	10838	13522
PUN-R	LG4	93001	94000	0.0145097240606862	636	285	19642	19508
PUN-Y	LG4	93001	94000	0.0139288417865253	607	276	19815	19335
LON	LG4	93001	94000	0.0217784476262245	725	289	13270	11090
PAR	LG4	93001	94000	0.030551550108147	612	339	11096	13264
ARI	LG4	94001	95000	0.0087152094461624	271	31	3557	23519
CLV	LG4	94001	95000	0.0274240940254652	260	28	1021	13484
AUR	LG4	94001	95000	0.0125190323126374	856	74	5911	21165
PUN-Y	LG4	94001	95000	0.0143472022955523	617	140	9758	33757
PUN-R	LG4	94001	95000	0.0068765590237982	780	102	14833	28682
CAL	LG4	94001	95000	0.0113372093023255	751	78	6880	20196
PAR	LG4	94001	95000	0.0227193289059769	586	130	5722	21354
LON	LG4	94001	95000	0.014552443712246	752	106	7284	19792
GRA	LG4	94001	95000	0.0	287	0	3517	23559
GRA	LG4	95001	96000	0.0012285551314115	861	28	22791	1793
ARI	LG4	95001	96000	0.0191334457959691	870	431	22526	2058
LON	LG4	95001	96000	0.0208579133659194	870	495	23732	852
PUN-Y	LG4	95001	96000	0.0212964487622811	878	776	36438	3072
CLV	LG4	95001	96000	0.0298394711992445	755	316	10590	2580
CAL	LG4	95001	96000	0.0224093440173842	878	495	22089	2495
PAR	LG4	95001	96000	0.0213747228381374	837	482	22550	2034
AUR	LG4	95001	96000	0.0209308859336954	878	447	21356	3228
PUN-R	LG4	95001	96000	0.0133646525190345	878	495	37038	2472
GRA	LG4	96001	97000	0.0069955482874534	894	154	22014	3550
CAL	LG4	96001	97000	0.0241486068111455	911	585	24225	1339
ARI	LG4	96001	97000	0.0203563383166086	911	497	24415	1149
LON	LG4	96001	97000	0.0154411461128772	911	374	24221	1343
AUR	LG4	96001	97000	0.0224962506248958	911	540	24004	1560
CLV	LG4	96001	97000	0.0371176775531363	816	358	9645	4050
PAR	LG4	96001	97000	0.0214890016920473	911	508	23640	1924
PUN-R	LG4	96001	97000	0.0128383067314365	911	481	37466	3619
PUN-Y	LG4	96001	97000	0.021395501739583	911	781	36503	4582
PUN-R	LG4	97001	98000	0.0089121283872665	711	271	30408	1722
PUN-Y	LG4	97001	98000	0.0074376735723178	711	233	31327	803
PAR	LG4	97001	98000	0.0045482737233822	710	88	19348	644
ARI	LG4	97001	98000	0.0054689192116092	711	101	18468	1524
CLV	LG4	97001	98000	0.0106512066873398	555	79	7417	3293
CAL	LG4	97001	98000	0.014383989993746	711	276	19188	804
GRA	LG4	97001	98000	0.0021067415730337	705	39	18512	1480
LON	LG4	97001	98000	0.0085026959767731	711	164	19288	704
AUR	LG4	97001	98000	0.0071953459889773	711	141	19596	396
PAR	LG4	98001	99000	0.000813390984203	857	19	23359	721
GRA	LG4	98001	99000	0.0016850350669459	857	37	21958	2122
PUN-R	LG4	98001	99000	0.0050112753695815	857	180	35919	2781
LON	LG4	98001	99000	0.0064957119809798	857	153	23554	526
CAL	LG4	98001	99000	0.0089840736875538	857	198	22039	2041
AUR	LG4	98001	99000	0.0048391204686306	857	114	23558	522
CLV	LG4	98001	99000	0.0063588960956377	657	50	7863	5037
ARI	LG4	98001	99000	0.0077565907936654	848	168	21659	2421
PUN-Y	LG4	98001	99000	0.0071327932370553	857	243	34068	4632
PUN-Y	LG4	99001	100000	0.0178973073709915	906	557	31122	10098
ARI	LG4	99001	100000	0.0120854035181952	815	180	14894	10754
GRA	LG4	99001	100000	0.0012275317843051	904	28	22810	2838
LON	LG4	99001	100000	0.0039073988487878	905	93	23801	1847
PAR	LG4	99001	100000	0.0031243402997677	905	74	23685	1963
PUN-R	LG4	99001	100000	0.004555473916238	906	155	34025	7195
AUR	LG4	99001	100000	0.0020358982881834	905	49	24068	1580
CAL	LG4	99001	100000	0.0143519041699627	906	254	17698	7950
CLV	LG4	99001	100000	0.0023163042079526	737	18	7771	5969
